(102.493 44.5806 281.794 9.3749) (138.506 203.042 357.077 137.723) (evt1.png)
(112.052 24.9003 300.563 36.005) (112.198 203.722 334.592 185.35) (evt2.png)
(118.498 17.8618 363.445 51.0902) (109.963 177.798 298.143 195.374) (evt3.png)
(148.88 28.2014 328.039 94.8365) (93.3421 187.283 299.931 247.82) (evt4.png)
(135.861 63.4436 350.831 80.8515) (108.776 213.971 344.335 272.758) (evt5.png)
(101.403 108.857 350.049 60.8074) (140.674 234.389 340.953 221.29) (evt6.png)
(92.3423 -3.64686 297.71 14.8448) (87.5204 178.39 303.385 172.767) (evt7.png)
(134.271 -26.265 316.257 67.6615) (75.8205 146.714 250.921 197.123) (evt8.png)
(102.94 56.4352 320.451 7.44174) (120.292 201.076 339.258 209.773) (evt9.png)
(98.3598 32.3892 287.513 65.31) (85.7379 234.107 280.361 213.211) (evt10.png)
(79.672 117.566 237.677 69.6025) (140.195 297.618 315.13 181.667) (evt11.png)
(96.0045 77.5355 278.136 93.6349) (84.3341 279.954 300.397 246.851) (evt12.png)
(52.4218 -12.5028 287.893 1.68039) (78.9972 174.067 261.557 150.203) (evt13.png)
(83.5512 -16.1797 303.129 46.3178) (60.9157 164.037 251.249 189.178) (evt14.png)
(58.1315 51.2139 311.244 16.058) (96.9897 191.081 290.786 182.241) (evt15.png)
(57.5115 73.4496 286.292 27.2147) (97.7244 225.155 299.428 194.872) (evt16.png)
(68.1982 89.1633 295.556 39.8966) (106.873 225.499 307.933 219.111) (evt17.png)
(90.8254 55.9945 299.987 108.232) (56.8881 227.877 256.401 254.776) (evt18.png)
(65.1566 -4.6774 265.855 29.2147) (31.0961 163.757 263.089 185.827) (evt19.png)
(18.8008 38.5354 230.607 5.30979) (83.5152 219.336 253.093 147.101) (evt20.png)
(35.2627 29.4382 281.783 34.6444) (58.8918 195.979 255.547 188.828) (evt21.png)
(46.0604 56.6799 250.209 55.4446) (45.1681 243.411 272.949 212.089) (evt22.png)
(56.3572 58.6764 245.317 84.4815) (28.8267 257.956 258.382 235.248) (evt23.png)
(44.803 106.701 258.626 56.8067) (83.6205 255.013 289.218 230.393) (evt24.png)
(52.0207 -23.8899 275.743 28.3646) (30.2062 138.835 222.237 189.57) (evt25.png)
(61.5402 59.5752 236.327 8.40974) (50.2272 198.396 281.357 183.87) (evt26.png)
(66.2365 8.22193 234.673 84.1694) (-9.96004 181.796 210.347 223.863) (evt27.png)
(6.33651 77.2902 213.661 39.2147) (50.6377 259.116 252.737 184.459) (evt28.png)
(42.03 36.1281 269.845 109.606) (22.8144 189.734 206.357 225.653) (evt29.png)
(62.1831 67.7004 281.854 106.973) (60.3217 200.48 229.897 275.083) (evt30.png)
